1625116686365 -173.86811716190664 1
1625116687018 -322.2903572786744 2
1625116687728 -381.20071870742896 3
1625116688562 -189.41761300305419 4
1625116690104 -168.0024907667307 5
1625116691047 -208.69511307891364 6
1625116691887 -163.66201160042834 7
1625116692600 -126.42408095199153 8
1625116694226 -96.97394819416989 9
1625116695649 -301.3411245282358 10
1625116696296 -75.66629676912115 11
1625116697149 -208.9101670315409 12
1625116698625 -89.12514331420034 13
1625116699442 2.061927097582526 14
1625116700261 -153.30029500620955 15
1625116700988 -229.09342726755847 16
1625116702031 -5.9170193007816465 17
1625116703012 -30.87371062950767 18
1625116703960 -44.08861782884459 19
1625116704811 -85.87115813066124 20
1625116705338 -117.78198808228149 21
1625116706783 -5.652203553128487 22
1625116710837 208.64765697164353 23
1625116719383 -101.53850090679232 24
1625116726948 -106.66108260205522 25
1625116735068 -123.17943852945615 26
1625116736282 -159.94208454048544 27
1625116743956 -18.02018685164849 28
1625116752394 -27.451577814430006 29
1625116759668 -5.452441518786987 30
1625116760297 -51.308497683206696 31
1625116761861 -81.04142437307098 32
1625116763675 -109.3461829109636 33
1625116772490 -48.59115087124602 34
1625116773121 -26.357627586675164 35
1625116773911 -32.05463927849743 36
1625116782140 -1.7137410219543157 37
1625116783142 -206.94289991416417 38
1625116784062 -157.98347413680528 39
1625116792608 0.9824919100974314 40
1625116800760 -15.284454967087381 41
1625116809414 -69.77998951613168 42
1625116817954 -7.655327450251077 43
1625116826333 -33.32975854645956 44
1625116833989 -24.35723348439063 45
1625116842267 -10.785038574017124 46
1625116843434 -20.040077839671042 47
1625116845223 -180.62665588764312 48
1625116854714 -21.136553733093 49
1625116863822 -34.92308906316103 50
1625116873057 18.49827543464187 51
1625116881885 -3.599615175275832 52
1625116892116 -30.13866634451841 53
1625116904185 20.10715475955726 54
1625116916130 1.2407602556505517 55
1625116918550 -32.72745166968153 56
1625116930020 -13.136073537859716 57
1625116939511 -44.6598542475728 58
1625116940397 -265.1302631907986 59
1625116949335 -21.76784202966359 60
1625116958242 -37.218937339975554 61
1625116967557 -10.609882312507532 62
1625116969584 -2.4397208775346826 63
1625116971067 -728.7478492989446 64
1625116979753 -2.5474739442944445 65
