1625119230002 -608.095963352669 1
1625119230398 -424.3808977542973 2
1625119230712 -178.84027312491332 3
1625119230995 -269.90725034608954 4
1625119231336 -334.31665650729497 5
1625119231766 -431.57548651287266 6
1625119232149 -254.75233042680102 7
1625119232689 -75.09905509525663 8
1625119233037 -172.93051236224454 9
1625119234030 -893.212220831975 10
1625119234554 -162.4734457055059 11
1625119235150 -159.59579290355714 12
1625119236282 -524.6666301581806 13
1625119237573 -489.69621951538045 14
1625119240194 -359.6230615455214 15
1625119241905 -842.3347672878763 16
1625119243529 -266.41027937513536 17
1625119247414 -104.11220926862194 18
1625119248432 -674.0854555798343 19
1625119249581 -144.47323729471606 20
1625119251088 -459.8373698208206 21
1625119252994 -85.72297334466259 22
1625119256336 -55.987453318482274 23
1625119258433 -340.39224797225654 24
1625119260129 -201.4919276588908 25
1625119261690 -39.246013724161436 26
1625119262862 -171.61307609847785 27
1625119264927 -231.8149827486927 28
1625119266319 -236.05132849430893 29
1625119267553 -94.43160939271151 30
1625119269757 -278.1514395305003 31
1625119271398 -25.040939753756703 32
1625119273110 -118.92700872554153 33
1625119274594 -21.34927541650663 34
1625119276898 -282.7266661235429 35
1625119277722 -9.381721562813937 36
1625119278932 -194.8002089194668 37
1625119280105 -77.81700129592045 38
1625119281582 -95.69831547425804 39
1625119282912 -38.292441149845274 40
1625119284248 -128.93354859322832 41
1625119285464 -83.51232336776026 42
1625119286633 -124.13156599464108 43
1625119288244 -164.00378970962473 44
1625119289091 -59.69268057329881 45
1625119290359 -244.01302934734343 46
1625119292142 -190.85336262599645 47
1625119293730 -220.2494903998803 48
1625119295254 -195.29250770966127 49
1625119297026 -212.3642447181841 50
1625119297979 14.979486645442663 51
1625119299501 -26.474751135953056 52
1625119301536 -205.71693165287834 53
1625119302500 -190.6926226691193 54
1625119303568 -95.36470089391881 55
1625119305648 -75.38948967094512 56
1625119306764 -71.5214206980094 57
1625119309125 -121.29753045438554 58
1625119310669 -26.10516608953759 59
1625119312174 -7.792186755884529 60
1625119313323 -60.031900483050244 61
1625119314961 -205.2967194637477 62
1625119316247 -157.26475684135372 63
1625119317622 -208.35136141842224 64
1625119319866 -76.7287262555821 65
1625119321638 -18.450555371637734 66
1625119323340 -60.97886966731341 67
1625119325087 -54.293010712418145 68
1625119327491 -209.50809024970923 69
1625119328690 -205.6329246030336 70
1625119332326 -258.865363615583 71
1625119333763 30.51923427267718 72
1625119335320 -37.60450029591165 73
1625119336774 -299.82796242583106 74
1625119338694 -52.34192988615954 75
1625119340866 -9.516702197039123 76
1625119342392 -19.879850070765542 77
1625119344682 -240.47293529412363 78
1625119346005 -5.248869105141907 79
1625119347345 -161.8426585142239 80
1625119349370 -22.71343363328127 81
1625119350746 -77.52451919000134 82
1625119352677 -82.02428863341977 83
1625119354655 -23.493131030863267 84
1625119355992 -179.20058457196023 85
1625119357223 -217.9436017428925 86
1625119359397 -208.57052527596608 87
1625119360573 -222.5982070475719 88
1625119362327 -84.6240904827656 89
1625119363889 -41.856551861112216 90
1625119365460 -205.85507008302022 91
1625119366739 -139.89930703503575 92
1625119368183 -6.003163081403812 93
1625119374459 106.81766858405753 94
1625119375944 -252.88512352836932 95
1625119376840 -53.740966326726735 96
1625119378319 -184.05487593691305 97
1625119382462 -289.58714861217254 98
1625119383643 -186.32516842971154 99
1625119385365 -81.85383596380133 100
1625119387247 -216.55889976196653 101
1625119390001 -357.21188743570644 102
1625119391471 8.054839155211809 103
1625119392967 -90.31655942212018 104
1625119393999 -13.644028530768665 105
1625119395272 -175.2727446482267 106
1625119396653 -47.804419617324264 107
1625119397597 -16.23707022546745 108
1625119399114 -91.93173164629363 109
1625119400218 -164.6778929123132 110
1625119401629 -64.66670537879028 111
1625119402737 -20.820830601635535 112
1625119403782 35.12991705038311 113
1625119404968 -189.36805430335278 114
1625119406336 -27.084903725928285 115
1625119407818 -160.37498080897274 116
1625119408940 -209.72729913950815 117
1625119409730 -255.59337082947349 118
1625119411006 -180.95578196202842 119
1625119412070 -199.54295983677213 120
1625119413007 -77.3368206431077 121
1625119414183 -370.2252283306828 122
1625119415600 -64.75896705781106 123
1625119417270 -219.04354993381554 124
1625119418973 -225.45583343481388 125
1625119420269 -197.30300464980283 126
1625119423697 -43.79518046940955 127
1625119425046 -39.319897850669435 128
1625119426592 -208.07794305381358 129
1625119428638 -252.77711834407756 130
1625119431396 255.18866329067944 131
1625119434229 151.76808632003355 132
1625119435366 -15.187303794075717 133
1625119437026 -184.43811564278832 134
1625119438429 -18.89225450878601 135
1625119440205 -159.92809135732787 136
1625119441856 -113.38486551642865 137
1625119443022 -64.5961944233435 138
1625119444782 -162.2724108190729 139
1625119446088 -84.76518805558209 140
1625119449508 264.8034430711948 141
1625119451881 207.22743753278635 142
1625119452973 -52.68966865538802 143
1625119454685 -2.6049565013567815 144
1625119455769 -160.04438080789623 145
1625119457248 -200.37082620773816 146
1625119458751 -181.05242096547454 147
1625119460246 -190.48910932596155 148
1625119461514 -180.53083376231857 149
1625119462788 -54.10772275368942 150
1625119466909 -145.06608071265737 151
1625119468721 -191.16991013963352 152
1625119469944 -164.47810143711118 153
1625119471244 -122.0594394276855 154
1625119472625 -81.03591619669831 155
1625119474079 -193.1625648245056 156
1625119475363 -24.501143748966314 157
1625119481241 123.86216504567929 158
1625119486047 188.68826189081443 159
1625119487440 -85.60336285843923 160
1625119488642 -158.94833852220555 161
1625119489755 -164.3409175225188 162
1625119490965 39.04166764978288 163
1625119492394 2.766499321415722 164
1625119494228 -64.31345223262652 165
1625119496921 193.78926192033043 166
1625119498093 -152.49084547126694 167
1625119499859 -35.245211387346416 168
1625119501479 -6.767726228731178 169
1625119503078 -79.46394914487558 170
1625119504154 -155.9980369524745 171
1625119505282 -256.4564500460947 172
1625119506510 -37.37888425351643 173
1625119508159 -4.685323620373282 174
1625119509390 -192.8695193810796 175
1625119511287 213.27001161116044 176
1625119515813 206.72419994100596 177
1625119517192 20.11064437652108 178
1625119518520 1.1986952390183632 179
1625119519872 28.137638504979833 180
1625119522300 -54.64681868885386 181
1625119523633 -26.108380873916502 182
1625119524727 -159.07067464471402 183
1625119526096 -195.70494167870547 184
1625119527746 -103.53840785824269 185
1625119529037 -20.432436292844287 186
1625119530588 -18.02810216229028 187
1625119531780 -21.819599016412795 188
1625119533041 4.614588308183031 189
1625119534896 -35.256935938381076 190
1625119537921 166.10033931902407 191
1625119539371 -188.34721323813145 192
1625119540993 -30.861373253798476 193
1625119542673 -82.12885892540882 194
1625119545772 205.12669594065397 195
1625119549183 188.2862840883739 196
1625119550601 33.45774887170694 197
1625119551594 -295.0546862454644 198
1625119552874 -29.590925483314308 199
1625119554213 -44.44965457986984 200
1625119557049 222.48842860171663 201
1625119558381 -199.50049821295931 202
1625119563323 196.6121132201722 203
1625119564146 -112.27383883356605 204
1625119565480 -229.4102060489805 205
1625119567088 -211.03746255258613 206
1625119568370 -35.04938175091044 207
1625119571884 -31.4284594418869 208
1625119573535 -182.33377472276646 209
1625119574670 -59.147414131661755 210
1625119577140 -85.18521451832208 211
1625119578794 2.157564971203172 212
1625119580072 -70.78768372966314 213
1625119583820 233.62183042807078 214
1625119585736 -1.3771273520952292 215
1625119587542 -13.710447081355667 216
1625119589277 -174.62056064534664 217
1625119595044 -108.22778836377722 218
1625119596191 -14.56267135542575 219
1625119597633 -44.8386473357405 220
1625119598977 -178.7686464558673 221
1625119600718 -9.379603387844497 222
1625119602309 5.737966604040025 223
1625119605332 -79.02992757434217 224
1625119606418 40.33144129187778 225
1625119607595 -24.767660233894205 226
1625119609362 -202.02681113925513 227
1625119611165 205.10599031651822 228
1625119612510 -39.54250062087863 229
1625119613847 -143.11720408286538 230
1625119615140 -155.06581523868934 231
1625119617049 -20.570095577803016 232
1625119618766 -13.589993835728038 233
1625119620057 9.389949700216334 234
1625119622983 16.312029100505768 235
1625119624818 -52.912532707750955 236
1625119630736 84.01490177946748 237
1625119631645 -124.93514660889736 238
1625119633658 -48.57176402143381 239
1625119635411 -21.22115745941882 240
1625119636456 -248.5912516990173 241
1625119637681 -151.7898686617392 242
1625119639461 -168.61307800673924 243
1625119640812 -40.6355853887744 244
1625119642161 -14.918265867494014 245
1625119644025 -102.42386211134217 246
1625119645693 -61.06576254941281 247
1625119646974 -35.727476499578174 248
1625119647958 -29.671148038154 249
1625119649697 -47.562310491609026 250
1625119652729 188.37971505795127 251
1625119655164 -170.79305272447124 252
1625119656445 -29.42272217300919 253
1625119660143 205.56478441326954 254
1625119661686 -252.26729757287256 255
1625119663961 -192.6759948153398 256
1625119665182 32.564115751633096 257
1625119667058 -203.70944086955126 258
1625119668427 -115.80776067052531 259
1625119672050 199.53298163868507 260
1625119673270 -45.27818459530464 261
1625119674532 -154.2245178008984 262
1625119676188 -8.602806560587894 263
1625119677590 0.7938121937771143 264
1625119678743 5.351596848076056 265
1625119680652 -201.36353504073674 266
1625119681788 -24.65817671980423 267
1625119682963 -195.89141542772336 268
1625119684035 -35.36973670010529 269
1625119685567 -166.69146026098133 270
1625119691103 -54.2412240339991 271
1625119693434 -50.31341807940255 272
1625119694997 -27.55266725931746 273
1625119696729 -20.610280753674132 274
1625119699114 -189.24719041690543 275
1625119700402 -21.569019718536424 276
1625119701620 -156.80703719616645 277
1625119702804 -10.451192054394383 278
1625119703785 13.33697377616241 279
1625119706197 -86.78036353224694 280
1625119707571 268.89512707837116 281
1625119708831 -33.09838324626469 282
1625119710626 8.15597767234513 283
1625119713136 -195.77087831603689 284
1625119714565 -30.600194796419217 285
1625119717253 234.18150951054642 286
1625119718810 62.473336347754326 287
1625119720154 -172.06560447943406 288
1625119721660 -173.35640267453982 289
1625119723471 271.533209598604 290
1625119727162 197.49145863267807 291
1625119728793 -204.19853762478095 292
1625119729868 -48.050293818169756 293
1625119731655 16.830706851540057 294
1625119733720 -2.6019191458453292 295
1625119735640 -74.39453803513706 296
1625119742615 92.3469603823908 297
1625119744748 -206.91985155894452 298
1625119747185 -33.21086737107116 299
1625119750370 253.55016971223802 300
1625119752556 -256.94165532895613 301
1625119754328 -165.96903643007875 302
1625119755399 -180.45342367010102 303
1625119756658 -174.09177265992457 304
1625119758088 -180.31038500085498 305
1625119759588 -198.22790697500346 306
1625119762235 214.28149025985124 307
1625119764239 -39.96100979176991 308
1625119765720 -158.83034226640444 309
1625119766961 -167.03013743833253 310
1625119768221 -18.558024134477478 311
1625119769489 -70.98817235518064 312
1625119771195 -200.42586258910046 313
1625119774516 -172.1032402809286 314
1625119775969 -48.77657700718028 315
1625119777508 -199.3003422201305 316
1625119779170 253.30809323229542 317
1625119782883 175.30690898994317 318
1625119784537 -10.192636439722449 319
1625119785680 -210.11420552991058 320
1625119786832 -132.40725182345045 321
1625119788358 -52.17411772239155 322
1625119789907 -219.0837856278825 323
1625119792184 -12.43688685051761 324
1625119793542 19.616900151910173 325
1625119795933 188.1487645465828 326
1625119797805 268.98296542474765 327
1625119799377 -28.259533642741246 328
1625119800424 26.367712811257135 329
1625119803310 173.50323889042198 330
1625119805120 -204.99744139966418 331
1625119806500 -181.81419979748867 332
1625119809947 -59.82006582311726 333
1625119811128 -182.47916024558253 334
1625119812844 -51.054891720375636 335
1625119815274 213.77518577181536 336
1625119817183 -214.8801833220399 337
1625119818846 -15.491313498355751 338
1625119820340 2.254698576136363 339
1625119821810 -233.02397390341162 340
1625119827501 110.19993853449613 341
1625119828712 -183.3820759795712 342
1625119831692 -36.27958719819382 343
1625119832593 -159.50306146157615 344
1625119833733 -21.683066681066435 345
1625119835175 -207.42779854636794 346
1625119836283 -182.68207105167176 347
1625119837869 -183.01336850593776 348
1625119839183 -49.98157522753969 349
1625119840881 -51.018007063511476 350
1625119842010 -198.63730762842914 351
1625119843580 -73.52504534428977 352
1625119844866 -17.341282822222624 353
1625119847050 -71.0649816361895 354
1625119849418 -69.19812585700711 355
1625119850661 -17.964329809762916 356
1625119852089 27.977303070577378 357
1625119853431 -186.19049515377586 358
1625119854625 -134.79028887565073 359
1625119856119 -62.28755583261119 360
1625119862356 107.12159968053741 361
1625119863560 -200.79776765063116 362
1625119864837 -13.754197176802222 363
1625119870608 45.922036455327934 364
1625119871914 -200.2210273213591 365
1625119872971 -271.23048885813455 366
1625119874248 -38.93044567071408 367
1625119875721 267.07786852256567 368
1625119876673 -22.585795414084572 369
1625119880923 190.85479305122269 370
1625119882660 -77.05407114403923 371
1625119884056 -24.463321817380034 372
1625119885328 -28.64824392353698 373
1625119886541 -212.08897903833872 374
1625119887429 5.076990863814842 375
1625119891098 233.78046069973453 376
1625119893543 -255.79820501188215 377
1625119894563 -81.5894046875009 378
1625119896032 -10.064748448497852 379
1625119897435 -48.418274782578266 380
1625119898386 -10.663321881587109 381
1625119899897 253.02466942431136 382
1625119901004 53.54152555850274 383
1625119902279 -196.64123582743562 384
1625119903686 -174.7905336584444 385
1625119905742 -222.4141824001222 386
1625119906965 -198.87232270505007 387
1625119908170 -147.756386164046 388
1625119909415 -11.25374842332836 389
1625119911859 234.37143713843693 390
1625119913370 -201.67060606668673 391
1625119914570 -196.73436314231267 392
1625119915868 -13.54620871920882 393
1625119917347 -199.37684057121146 394
1625119918614 -9.093745426553411 395
1625119920775 172.465386677494 396
1625119922060 -8.44529769902411 397
1625119923215 -183.49377758182197 398
1625119926752 229.29098995078957 399
1625119929001 -230.837007054207 400
1625119930268 -14.870598760319822 401
1625119931329 -201.52952279601516 402
1625119932475 -29.189247420795255 403
1625119933617 -200.13890087820948 404
1625119934741 -157.9020821095313 405
1625119935812 -183.2214406564346 406
1625119937149 -13.212739945248941 407
1625119938459 -27.615251557288147 408
1625119939620 -118.44498192814268 409
1625119940806 -226.56083728686667 410
1625119942329 -192.60952396863587 411
1625119945580 224.6153846111579 412
1625119946895 -182.2817670084209 413
1625119948752 -201.03270311529076 414
1625119950398 -143.687106758498 415
1625119951456 -208.88746128582315 416
1625119952449 -10.496232599159498 417
1625119953447 -140.76488628522554 418
1625119957232 -71.3081851397838 419
1625119958672 -23.692172925892436 420
1625119964299 82.68212447374636 421
1625119970058 73.08733843646066 422
1625119971235 -117.9850420108813 423
1625119973157 -191.79801961472486 424
1625119974239 -196.9826329382187 425
1625119976410 -244.09911479511146 426
1625119982259 33.68654710641428 427
1625119983447 -1.076639498116677 428
1625119984662 -18.59277676026879 429
1625119986246 -213.83983126177725 430
1625119987721 9.226889489097758 431
1625119988949 -172.32207272376456 432
1625119990411 -21.141196606028856 433
1625119991879 -71.04235525856603 434
1625119995129 206.76690544203768 435
1625119997076 -3.760189371945941 436
1625119999564 257.7767714834295 437
1625120001265 -56.027618440520385 438
1625120003702 231.76568585221298 439
1625120005331 -43.25436795636864 440
1625120006748 -25.30561044692756 441
1625120007853 10.603128974405067 442
1625120008899 -152.22573981847427 443
1625120011403 215.68319990273642 444
1625120014822 204.52243946599123 445
1625120017862 221.00391414612855 446
1625120021960 210.8156332050924 447
1625120023407 -173.48401139255736 448
1625120024494 14.507749585317967 449
1625120025633 -184.5363541783304 450
1625120026978 -2.549270426831555 451
1625120028159 -162.80436488124172 452
1625120029396 20.504476985530758 453
1625120030580 -170.61249061602098 454
1625120031778 13.861951780477426 455
1625120032818 -42.07179398027981 456
1625120034382 -197.80328624385123 457
1625120035861 14.053078659682356 458
1625120036852 2.8242343039784146 459
1625120038837 -29.81229135068658 460
1625120040296 -171.04044553952974 461
1625120042607 -63.93481826836838 462
1625120044095 -28.386650364702547 463
1625120045527 -8.286467736054789 464
1625120048925 -112.92991539936456 465
1625120050258 20.43764736411599 466
1625120053324 -90.66454885782504 467
1625120054610 -23.552750583012383 468
1625120055794 -168.19286345652546 469
1625120057017 -22.92482988703098 470
1625120058177 -170.70145065402454 471
1625120059641 -88.06796523033297 472
1625120061382 -21.050670130549037 473
1625120062770 -209.6091062084934 474
1625120064438 -181.64387968898671 475
1625120066562 -221.25133075838505 476
1625120067735 -36.105545307707914 477
1625120069057 -335.1638600033092 478
1625120070161 -19.355996687179 479
1625120071585 -153.43888150046513 480
1625120077887 22.454455139293188 481
1625120079577 -181.20496880208574 482
1625120085092 124.45734375418171 483
1625120086755 -204.34065075718192 484
1625120088192 -216.8438080835319 485
1625120089190 -189.49977983331124 486
1625120095010 131.45619889621312 487
1625120096267 -189.76533437690216 488
1625120097441 -71.94958434386984 489
1625120098579 -173.63374698293035 490
1625120100115 -216.48751704197957 491
1625120101321 -27.6339805831944 492
1625120103130 -53.324127905484694 493
1625120104033 -10.05899587964359 494
1625120105188 4.266989785656847 495
1625120106371 -212.23393860919828 496
1625120107838 -185.8390012072694 497
1625120110086 -203.3619496697484 498
1625120111397 -214.23005759125328 499
1625120112934 -54.82059236109916 500
