1625029726759 -634.5718827268985 1
1625029728269 -206.15164701121154 2
1625029729028 -120.67028675062397 3
1625029729900 -269.0800232114318 4
1625029736155 -16.447410749299415 5
1625029737788 -226.2036215252591 6
1625029739035 -364.14356933669904 7
1625029739870 3.807669476302422 8
1625029742413 -150.0888909817686 9
1625029743211 -125.03034485271291 10
1625029753392 41.294595899397905 11
1625029759870 -31.427396878272944 12
1625029760768 7.641648473761379 13
1625029761368 -97.27651879869444 14
1625029762166 -24.61371521920711 15
1625029763266 -19.607295298505747 16
1625029764484 -16.689308121799286 17
1625029767169 -39.85125574563524 18
1625029772657 -46.57121429029353 19
1625029778417 -127.55757370996616 20
1625029780180 -255.04423519012852 21
1625029786732 -54.206653634120244 22
1625029792859 -61.7934021057237 23
1625029798989 -39.22635966509556 24
1625029799495 -79.5271157184719 25
1625029805166 -40.72230814577655 26
1625029811340 -36.12422062134263 27
1625029820605 -28.63196520296691 28
1625029830826 -9.976023625312756 29
1625029839033 -27.800956299490732 30
1625029845491 -27.699624852210228 31
1625029846179 -18.704475007857354 32
1625029847711 -213.54994363629407 33
1625029854709 -14.521849084355498 34
1625029860331 7.995076872728385 35
1625029866525 -39.7408794449224 36
1625029872356 -21.948694759594893 37
1625029873557 3.3856109335534086 38
1625029879717 -11.066329143066623 39
1625029885457 7.491712082383593 40
1625029891340 -49.8855183988105 41
1625029897182 -19.55864924445887 42
1625029905326 31.806889836732104 43
1625029912951 -10.531397659871569 44
1625029918745 34.66028300637583 45
1625029926095 8.091217766438598 46
1625029932631 -55.65866758632235 47
1625029938907 -12.420672590754458 48
1625029945172 -41.80053630317291 49
1625029951411 -32.78498753379153 50
1625029957209 29.905159329810996 51
1625029962984 18.554107493676437 52
1625029968473 -0.36776055123336926 53
1625029974314 2.8649316985830082 54
1625029983685 -11.439924078106989 55
1625029991405 17.20233331184026 56
1625029999159 -36.652888864653946 57
1625030006644 7.151605819177496 58
1625030013999 -52.62544902380993 59
1625030022175 -46.71666464552381 60
1625030030302 -21.78413416162361 61
1625030036773 -14.883235793990949 62
1625030043006 -4.747292912878021 63
1625030048706 -44.97633410109167 64
1625030054744 6.652839819610983 65
1625030060435 26.31178281819716 66
1625030066452 27.989977521232912 67
1625030072097 -10.06794375790418 68
1625030078148 -1.378471431163451 69
1625030083827 -59.50676065639039 70
1625030090282 11.28017421489588 71
1625030096191 1.0941407424501457 72
1625030102508 23.088963470176278 73
1625030108444 -9.080371720655936 74
1625030114434 56.136203853304984 75
1625030120344 48.890802700291445 76
1625030122950 -130.72347938076936 77
1625030129490 -18.415410979880075 78
1625030135581 25.49544081057857 79
1625030141775 -3.816382710843926 80
1625030142780 -80.4959708670952 81
1625030148954 12.325003876131598 82
1625030154861 36.838433419726606 83
1625030160646 132.24974808511436 84
1625030166495 50.42842248695399 85
1625030172473 28.314180346441848 86
1625030178999 -25.52832183733041 87
1625030186582 -27.008367469324767 88
1625030186980 -126.25846547675448 89
1625030194041 36.70478920215212 90
1625030201030 46.99817272740837 91
1625030208401 20.05624544383999 92
1625030215096 5.456290460794074 93
1625030217863 205.23351456745993 94
1625030224911 27.424563697671108 95
1625030231342 19.48855716353586 96
1625030237990 51.616747408303944 97
1625030245613 66.84974008805408 98
1625030252359 -65.63125821395971 99
1625030260948 -19.557077588755448 100
1625030268310 20.046711400645638 101
1625030274183 44.57954288752961 102
1625030280919 39.05134243685312 103
1625030287288 30.684131669374594 104
1625030292985 35.94676664533394 105
1625030299784 64.46420914982842 106
1625030307529 21.827160726028684 107
1625030313905 45.66869894683012 108
1625030317008 -279.4671717902608 109
1625030324353 52.20217515905353 110
1625030330860 21.809953467136943 111
1625030337998 24.450957804034495 112
1625030344866 75.90559151635973 113
1625030350820 73.57616597008311 114
1625030357207 18.915002219959497 115
1625030363810 17.671090490172777 116
1625030370569 4.660821897298493 117
1625030376594 -14.935243031527557 118
1625030382613 21.900887600351638 119
1625030388370 79.76420709815113 120
1625030394872 24.050110325808397 121
1625030400974 5.003572408922206 122
1625030407282 29.86631455305682 123
1625030413842 73.77476893790833 124
1625030414463 -612.2394876884307 125
1625030420796 22.710807959255177 126
1625030427038 57.77109919287921 127
1625030433834 28.995145919365452 128
1625030440244 51.02503978585091 129
1625030446494 -5.923226842947215 130
1625030452553 38.21073327522831 131
1625030459276 -2.2276169638157297 132
1625030466532 27.054720011114256 133
1625030472705 7.026142732304317 134
1625030479833 32.82830370984027 135
1625030480977 -206.46646041510303 136
1625030487081 5.560977284787217 137
1625030492830 63.93126918019772 138
1625030498600 51.33611232194081 139
1625030505257 -7.7292101639924855 140
1625030511469 53.746464279102995 141
1625030513359 240.82375624159187 142
1625030519180 50.16982739286841 143
1625030524742 6.872184883648611 144
1625030530495 21.56709631954859 145
1625030536601 58.28149433094681 146
1625030542354 63.92053735878612 147
1625030548220 43.44766943007377 148
1625030553861 13.13417784721577 149
1625030562232 76.37390034214637 150
1625030574124 29.697590173230132 151
1625030582627 83.05839255573136 152
1625030585741 202.2303505563978 153
1625030591430 27.561198523704654 154
1625030593880 248.43971046633416 155
1625030600508 70.73530644269022 156
1625030602636 235.62762503935704 157
1625030604280 246.44916668040378 158
1625030612012 47.217348785440514 159
1625030618663 38.71138835395818 160
1625030620344 246.64501057316173 161
1625030626773 21.4194052227606 162
1625030629656 -68.33813489070913 163
1625030630837 260.23629157810365 164
1625030637237 50.9764883853722 165
1625030643690 42.83362932770081 166
1625030650576 95.87206314224986 167
1625030656108 55.798862484868636 168
1625030658651 192.0718044778498 169
1625030664465 53.866770280383015 170
1625030671018 67.63199572020963 171
1625030676846 92.061230743948 172
1625030682363 44.60806584560818 173
1625030689015 53.59143164229447 174
1625030695699 17.000687557290327 175
1625030701578 19.683228517112774 176
1625030707092 49.311701681890966 177
1625030712494 54.632163129675966 178
1625030719007 9.167516627173121 179
1625030724929 30.81098460539121 180
1625030726425 246.07414356750897 181
1625030730673 212.94589212840887 182
1625030732049 258.30131378063595 183
1625030733070 274.7079842190468 184
1625030734309 228.45538746037414 185
1625030735652 243.10870154316657 186
1625030736788 247.33717760173968 187
1625030738046 290.46036844432047 188
1625030739591 264.7936780052537 189
1625030740836 268.1692953845858 190
1625030742030 230.38721970116762 191
1625030743608 242.57575327057162 192
1625030745009 257.2527832403988 193
1625030750584 24.559922652256247 194
1625030751752 258.556186648925 195
1625030752874 251.45527246147435 196
1625030753892 254.6589612370253 197
1625030755074 280.4198080766738 198
1625030755600 -73.3755937494649 199
1625030756532 307.50680568126677 200
1625030757545 251.35579318864563 201
1625030758216 4.733851017696097 202
1625030759510 268.08027772409105 203
1625030760490 263.31365262630055 204
1625030762023 286.22677926936797 205
1625030763737 289.8176034450947 206
1625030764850 236.11282562267502 207
1625030765980 253.38555298839086 208
1625030767083 264.78852159836606 209
1625030768118 280.17924473676675 210
1625030769460 234.32685726111976 211
1625030770749 272.3378372003534 212
1625030772279 274.00057601974083 213
1625030773420 265.69638036472526 214
1625030774705 261.9945050236281 215
1625030775859 241.76235741598535 216
1625030776931 255.41272308911218 217
1625030778137 241.22161569019252 218
1625030778806 62.83054813118335 219
1625030780026 268.69831805268404 220
1625030781013 284.1672923272167 221
1625030782164 228.64899209427907 222
