1624847054217 -606.1043147827116 1
1624847055023 -661.8037858034916 2
1624847055918 -1150.4301947170004 3
1624847056644 -445.4678286436159 4
1624847057689 -384.8597668030883 5
1624847059364 -413.17719487899353 6
1624847060366 -370.3798935702962 7
1624847060995 -335.3712834728573 8
1624847061793 -355.62046062920894 9
1624847067017 -217.6229026429917 10
1624847071692 -597.1350653632378 11
1624847072279 -361.09852689172465 12
1624847075039 -427.41304284999626 13
1624847077530 -401.088358114361 14
1624847079169 -516.7861323294806 15
1624847081035 -328.12020960616826 16
1624847086316 -305.34622122296355 17
1624847091733 -247.406286302818 18
1624847097305 -435.25240432988113 19
1624847102517 -226.4129072438259 20
1624847108100 -231.5959023477446 21
1624847110106 -563.9801564410513 22
1624847111071 -703.3622892494375 23
1624847116800 -178.88069093729086 24
1624847117250 -326.02673693619926 25
1624847123451 -182.71039108099137 26
1624847123946 -480.1369545609669 27
1624847129404 -231.7188381843062 28
1624847134802 -182.07084628239076 29
1624847140329 -235.08352564589163 30
1624847140872 -283.3744141441537 31
1624847146717 -214.61862423308716 32
1624847152484 -207.37134992510957 33
1624847158694 -223.42649112290866 34
1624847164328 -207.6199617050334 35
1624847170309 -186.51448513988765 36
1624847175990 -246.69843063633868 37
1624847182246 -173.2575610470392 38
1624847188113 -192.5325506711912 39
1624847194307 -194.83544945633648 40
1624847200504 -208.62586015139965 41
1624847200981 -375.35388747163137 42
1624847206945 -173.00811420164572 43
1624847212581 -220.75329763822342 44
1624847213069 -462.50291678762636 45
1624847219487 -224.59867894950855 46
1624847225747 -216.1720520759006 47
1624847231605 -225.33785701153002 48
1624847232159 -365.7565140811306 49
1624847232766 -322.09198558592686 50
1624847233358 -341.5492700769613 51
1624847237792 -549.4736181986846 52
1624847238680 -267.6497628535307 53
1624847239305 -338.44991639522044 54
1624847240008 -364.66314880875905 55
1624847241525 -377.3711597376818 56
1624847246969 -237.26654227664466 57
1624847252941 -207.17198807880254 58
1624847258646 -201.47476469146045 59
1624847264739 -161.72662146247254 60
1624847270413 -168.15971967598182 61
1624847277185 -191.66301782400865 62
1624847283187 -168.8659962349341 63
1624847289354 -194.4281291951327 64
1624847289954 -358.993727682453 65
1624847295659 -214.41863016645237 66
1624847298231 -540.6368442676137 67
1624847298782 -342.0835638647987 68
1624847299502 -402.74150402453955 69
1624847300126 -386.5917200594803 70
1624847301533 -267.67527284923534 71
1624847303045 -299.4978959005551 72
1624847305612 -421.52165991292054 73
1624847306425 -503.280761814973 74
1624847307036 -406.25217222126173 75
1624847312416 -266.74495315240597 76
1624847314983 -465.1830431297546 77
1624847321238 -156.12440248904818 78
1624847326849 -216.6500116162857 79
1624847333109 -172.80980521470724 80
1624847338537 -238.6131958863885 81
1624847339288 -242.36068466297706 82
1624847345109 -221.5306118061835 83
1624847351783 -197.11159751326258 84
1624847358482 -218.42952833014124 85
1624847364658 -158.68962328763834 86
1624847370640 -207.65903703446475 87
1624847378184 -159.51591942066597 88
1624847384804 -161.90049270687535 89
1624847390844 -184.7049056476919 90
1624847395552 -661.183757089834 91
1624847396128 -462.66041815807546 92
1624847398053 -330.2038083712382 93
1624847403912 -139.41358351474662 94
1624847409298 -446.28106198132014 95
1624847415000 -144.88177352668842 96
1624847420925 -126.84418913060317 97
1624847426882 -123.48343628744999 98
1624847433071 -127.34034184283841 99
1624847436153 -297.10012873895494 100
1624847442063 -184.8520249806244 101
1624847447860 -174.29151984060368 102
1624847448459 -225.22233264987952 103
1624847450849 -279.0913311409669 104
1624847456999 -150.07904270710654 105
1624847463275 -138.407780291283 106
1624847468942 -132.98890887040557 107
1624847474671 -95.79735610039955 108
1624847477777 -477.51995198738285 109
1624847479703 -409.00865504739727 110
1624847480442 -198.74343104987113 111
1624847482788 -224.6005207126316 112
1624847486261 -354.09130458331316 113
1624847491449 -380.2883654226572 114
1624847496875 -160.52610575460338 115
1624847502311 -170.57323641936568 116
1624847507718 -176.3412665006283 117
1624847513466 -141.8142357801497 118
1624847518863 -159.26567238510106 119
1624847524268 -374.29138235195535 120
1624847530324 -169.5491976049341 121
1624847535852 -124.83816655886895 122
1624847539452 -308.2183431069525 123
1624847541515 -217.59586271880283 124
1624847545163 -230.29596322995835 125
1624847551243 -138.37005251163404 126
1624847551902 -206.51909295521904 127
1624847552550 -212.64596690969694 128
1624847554377 -312.98617754676087 129
1624847557375 -582.3818476936008 130
1624847558562 -323.76591584911887 131
1624847559239 -412.9538774795274 132
1624847560048 -297.16171987506993 133
1624847561121 -835.7975784333248 134
1624847561699 -683.3968352629976 135
1624847562378 -192.75762334364805 136
1624847562867 -303.82111012930744 137
1624847564473 -432.44745460158373 138
1624847568471 -432.27023113331 139
1624847570607 -331.44082280159967 140
1624847576254 -185.64668272732476 141
1624847579032 -482.4819678789827 142
1624847582583 -229.599236622192 143
1624847586294 -173.79910360077682 144
1624847592176 -82.08264738628577 145
1624847597886 -456.60579654668436 146
1624847598824 -353.50650311362585 147
1624847599388 -283.90129394887094 148
1624847599808 -311.5616263499321 149
1624847600574 -404.60833844874264 150
1624847601335 -340.93837764286536 151
1624847602397 -382.61888269196066 152
1624847602953 -299.93888967127765 153
1624847603706 -257.0602339958375 154
1624847604852 -454.4087828134243 155
1624847605510 -420.2257487137607 156
1624847606227 -303.6198652942703 157
1624847606748 -421.2980670227533 158
1624847607250 -418.88141733969337 159
1624847607919 -397.7497869486368 160
1624847608434 -378.0553167229467 161
1624847609305 -208.99569159791216 162
1624847610061 -429.18985231205806 163
1624847610824 -235.49749223885732 164
1624847611616 -299.51271896970286 165
1624847612959 -224.43758993449538 166
1624847613623 -142.40959286428512 167
1624847614497 -139.50125689552567 168
1624847616015 268.7879746922904 169
1624847617586 -377.0677816487315 170
1624847618765 -145.97469834672364 171
1624847619837 -190.16184711632533 172
1624847620603 -221.69382399129836 173
1624847622025 -199.63237550586334 174
1624847623025 -228.99055830853928 175
1624847623900 -132.19535436254233 176
1624847625385 -216.00627556469817 177
1624847626035 -281.6159333827379 178
1624847626965 -412.9415020847854 179
1624847627796 -246.93551827786862 180
1624847629002 -447.94390651414744 181
1624847630059 -176.92703460604264 182
1624847632330 -147.49679779252207 183
1624847634865 257.4961688664076 184
1624847637045 -401.41357010513076 185
1624847642628 -22.360835954719143 186
1624847643903 -381.22825263194414 187
1624847648777 -398.6692699877003 188
1624847649764 -201.82450091642443 189
1624847650722 -211.5817213970385 190
1624847652158 -234.4660405376685 191
1624847654060 314.9261614121127 192
1624847656659 -222.91720434560756 193
1624847663263 -111.0521038861559 194
1624847664287 -286.33251689651786 195
1624847666929 324.50629253387876 196
1624847668461 -135.44001464826866 197
1624847669874 -206.03442618823786 198
1624847671900 -367.89278248035464 199
1624847674771 -258.82160982435647 200
1624847676676 -285.7460176294689 201
1624847678166 -171.0835147230987 202
1624847679266 -253.68122959333948 203
1624847684088 -268.9796770256535 204
1624847689863 -62.63365335654848 205
1624847692961 -170.6493101063123 206
1624847694041 -303.28195096852215 207
1624847695122 -204.29529988718105 208
1624847696627 -271.5327852138572 209
1624847702231 -14.956384527844463 210
1624847705022 -135.65067310150954 211
1624847728638 -208.10271808260603 212
1624847738573 297.55347336156063 213
1624847960768 272.26697252710585 214
1624847963838 -194.38265334138225 215
1624847966363 -176.54685299335347 216
1624847969829 -218.86705055689788 217
1624847972310 -189.54423500113705 218
1624847976149 -267.2366979282273 219
1624847977397 -132.71995213411617 220
1624847983384 -41.97060739068334 221
1624847989082 -52.16312960581361 222
1624847995365 -42.50862296900668 223
1624848000186 -251.27775584404023 224
1624848002491 -169.8847132061298 225
1624848006636 -205.7211833110846 226
1624848011877 279.1537038730886 227
1624848017557 -29.570725774744446 228
1624848023617 -80.21481373367128 229
1624848024720 -127.1246350217616 230
1624848029273 309.87705883601916 231
1624848031296 -164.52772816588316 232
1624848037405 -135.66840294081692 233
1624848042948 -39.95478013241992 234
1624848044091 -153.82849235189346 235
1624848046423 -202.43274858609178 236
1624848047811 -181.4879043378233 237
1624848048998 -72.39841031898109 238
1624848051462 317.6556603344045 239
1624848053436 388.17053791897956 240
1624848054897 354.8160239641136 241
1624848056581 -145.0971638447044 242
1624848057912 -129.76034566624924 243
1624848059827 -80.90056281791198 244
1624848065603 114.29899335321582 245
1624848072054 134.05997046712866 246
1624848078113 90.28507952504653 247
1624848080573 330.17137069517537 248
1624848085177 316.5847147046347 249
1624848090703 -11.675133543741428 250
1624848093297 279.1159110181743 251
1624848098949 106.45578614388575 252
1624848104516 96.05680474812914 253
1624848105905 -111.59821937807536 254
1624848110319 357.91982444075904 255
1624848111754 -83.02741589869375 256
1624848114697 339.09536377445403 257
1624848121177 -10.507869129497802 258
1624848126651 -92.17834521288647 259
1624848132500 85.50112670482233 260
1624848138445 -75.22607560002854 261
1624848144021 63.77154110618491 262
1624848146733 309.74479553874465 263
1624848148816 330.8779544906879 264
1624848151110 339.35935428815424 265
1624848151873 -115.90309718980873 266
1624848152633 -168.13090706170377 267
1624848154173 -89.79249613576405 268
1624848155206 -58.99897836788199 269
1624848160872 -136.12652849886388 270
1624848161531 -118.04677496341311 271
1624848162172 -60.06390824422195 272
1624848163291 -284.8493062674923 273
1624848165118 -90.81927152993474 274
1624848166321 -301.5476682296081 275
1624848168198 -115.8787323667913 276
1624848173654 177.17633098881558 277
1624848179907 -58.2112545014502 278
1624848182728 327.60532264993435 279
1624848184203 -516.5550791881776 280
1624848190688 -36.35833519486392 281
1624848196782 11.48994913037346 282
1624848198471 311.912568854915 283
1624848204701 -53.078141342686784 284
1624848211375 -19.467562363890057 285
1624848217746 44.94798407725864 286
1624848222741 259.45948166004507 287
1624848225961 301.1681108567486 288
1624848230452 355.16168821051076 289
1624848232399 -359.51730045773627 290
1624848238387 45.7600765623542 291
1624848244399 -37.86847969599268 292
1624848250342 217.99832142064244 293
1624848256509 -69.85793274964219 294
1624848262164 63.350236354253866 295
1624848265089 -154.77904872208643 296
1624848265659 -77.33607978966103 297
1624848266054 -108.53685717709232 298
1624848266570 -115.75069215474555 299
1624848266984 -100.13112558260933 300
1624848267631 -107.55289421749764 301
1624848268125 -106.30027909140145 302
1624848268698 -147.40921247191687 303
1624848269225 -141.84339219949112 304
1624848271171 347.5068707546065 305
1624848272217 -124.0409157852113 306
1624848272905 -331.26866213108383 307
1624848273799 -174.9347591090618 308
1624848275790 -558.5209314098297 309
1624848276508 -546.2731315549548 310
1624848277724 -655.9505868334245 311
1624848283900 43.72752311100073 312
1624848285283 -468.7735300958797 313
1624848290929 10.632157872631627 314
1624848292200 -270.4254913728145 315
1624848298302 33.61815461040203 316
1624848303944 137.4973385207107 317
1624848306552 368.47063857785764 318
1624848308730 372.3039815353385 319
1624848309462 -37.26783149033017 320
1624848315514 -128.9846432294275 321
1624848320184 -342.84830056946726 322
1624848320819 -72.23505245200711 323
1624848321374 -76.5402355566589 324
1624848322262 -29.130787167762435 325
1624848327517 167.05387548948744 326
1624848328170 -104.60374532932315 327
1624848328660 -73.68524156570479 328
1624848329212 -101.30666495093533 329
1624848329847 -53.973379573349604 330
1624848330585 -44.37233436086771 331
1624848331660 -84.29227764226587 332
1624848332693 -80.99246376929851 333
1624848333318 -102.21921827554294 334
1624848333844 -84.06518108276308 335
1624848334415 -120.53417911193127 336
1624848336091 -225.5675755071643 337
1624848336751 -123.55335213752625 338
1624848342444 59.4850156283435 339
1624848348064 121.96994382853062 340
1624848349152 -52.58240751230258 341
1624848350167 -112.6303117025323 342
1624848352995 -132.73870300151697 343
1624848354618 -51.02788462261344 344
1624848360668 -25.12799919916366 345
1624848365312 362.94291416245164 346
1624848367017 -103.02834403150209 347
1624848370470 370.32142217557896 348
1624848373318 330.0190917648521 349
1624848374283 -84.85537444907185 350
1624848375683 380.34826481836234 351
1624848380827 300.6934466174247 352
1624848381447 -97.85035559741928 353
1624848385765 349.3903628812228 354
1624848387209 356.62480505082544 355
1624848388865 339.6831433997166 356
1624848394339 153.40414637049128 357
1624848396427 -194.9249576586978 358
1624848401664 136.06881563673423 359
1624848402612 -109.86047256986487 360
1624848404919 368.9118763125789 361
1624848409523 394.9795037874927 362
1624848410028 -105.9867739461797 363
1624848411649 347.04213339247525 364
1624848412200 -83.57677757598306 365
1624848413450 334.3648875657375 366
1624848418813 140.33257999067536 367
1624848422807 366.30006683707495 368
1624848424611 367.3493445850495 369
1624848426776 350.63344641606307 370
1624848427912 351.12913782471907 371
1624848431608 358.68883402687425 372
1624848436339 352.6680193580719 373
1624848438880 342.9604915687049 374
1624848443216 384.03464934820795 375
1624848446870 317.93275978600275 376
1624848449919 280.4557483638563 377
1624848455661 57.75447818640626 378
1624848458340 304.528593076378 379
1624848464068 146.14916932988575 380
1624848469624 117.33012288697849 381
1624848474182 357.32020855717946 382
1624848475260 384.7133726142615 383
1624848476333 386.0507973157321 384
1624848481972 115.4178882025332 385
1624848484405 331.2770938076994 386
1624848486763 340.3322770214978 387
1624848492280 136.11235002690944 388
1624848496705 379.59727447532873 389
