1625118455991 0.3536903779143729 0
1625118456078 1.11189547604266 1
1625118456267 0.7289429967009657 2
1625118457364 0.15314000573184788 3
1625118457629 -0.5327185346811409 4
1625118457811 -0.5111278311957499 5
1625118457941 0.9369857420103271 6
1625118459477 0.11569166533797022 7
1625118459629 0.8298721725644035 8
1625118459730 1.1377530122280939 9
1625118459839 0.9973736256490339 10
1625118460745 0.34713169578549824 11
1625118460831 1.3011687785221755 12
1625118461026 0.7312560501562515 13
1625118461140 0.9670048117635099 14
1625118461255 1.091223264718776 15
1625118461406 0.8405968048999704 16
1625118461515 0.9805980899286484 17
1625118461625 0.9951087920322784 18
1625118461738 1.073500669708547 19
1625118461866 0.8195298621670196 20
1625118461967 1.176562643474455 21
1625118462130 0.8630848883641429 22
1625118462302 0.8547811767683856 23
1625118462413 1.018335932711168 24
1625118462596 0.8907219959186181 25
1625118462743 0.903912144021492 26
1625118462865 0.8960012629545432 27
1625118463010 0.8201518942508794 28
1625118463131 1.1044033726516547 29
1625118463277 1.042128001119473 30
1625118463425 0.9119975132265697 31
1625118463574 0.9604783907607978 32
1625118463886 0.6768420610362184 33
1625118464128 0.708404962871505 34
1625118464256 0.9876869529005013 35
1625118464361 1.0989353646489115 36
1625118464441 1.5673618449658548 37
1625118464573 0.9412616381013805 38
1625118464744 0.8628901093236842 39
1625118464866 0.9198832349626302 40
1625118464987 1.1020608669337841 41
1625118465176 0.7054232910495944 42
1625118465302 1.1282214272482889 43
1625118465446 0.9481553801925421 44
1625118465603 0.7571007302825002 45
1625118465724 0.9438398099139594 46
1625118465828 1.178693470265548 47
1625118465984 0.9128040894516386 48
1625118466100 0.8885550045841029 49
1625118466202 1.1784113791434814 50
1625118466682 0.4498151688419031 51
1625118466805 1.0433367328097385 52
1625118467032 0.628631469073973 53
1625118467148 1.0689447921946265 54
1625118467284 0.9286730795403564 55
1625118467483 0.5886341108529787 56
1625118467591 1.0394959565950832 57
1625118467670 1.1247786458205793 58
1625118467788 0.9716481271386195 59
1625118467916 1.0197577390709884 60
1625118468096 0.9085898962606425 61
1625118468218 1.080837823752089 62
1625118468341 0.9257573005474118 63
1625118468456 0.9348236260206026 64
1625118468582 0.982656265873513 65
1625118468700 1.0830801703546977 66
1625118468811 1.035400299749544 67
1625118468939 0.9225086502593353 68
1625118469081 0.9082028413557081 69
1625118469351 0.6633318310672791 70
1625118469477 0.8903800198240672 71
1625118469603 0.8792591917702889 72
1625118469734 1.0050414780234191 73
1625118469841 1.120143968395872 74
1625118469990 0.8475194286504568 75
1625118470143 0.7916611805198256 76
1625118470263 0.9535028144299799 77
1625118470385 0.9946490239816292 78
1625118470469 1.1173444126685566 79
1625118470572 1.1448888718408272 80
1625118470686 1.0132613261454129 81
1625118470814 1.1255754880069513 82
1625118471030 0.7311194561060547 83
1625118471138 1.0556410518977282 84
1625118471226 1.272582729457833 85
1625118471344 0.9602425537028783 86
1625118471483 0.9852859650981709 87
1625118471668 0.8761230764814479 88
1625118471828 1.117644755359533 89
1625118472046 1.0943155102229152 90
1625118472233 0.7893399609352635 91
1625118472458 1.006094013286721 92
1625118472699 0.8897388423456014 93
1625118474305 0.04982739571952277 94
1625118474445 0.9019758034880434 95
1625118474596 0.5364768929645108 96
1625118474726 0.8446093868549622 97
1625118474865 1.0142742983299151 98
1625118475005 0.8103188020701675 99
