1625119205423 1.0546161101083444 0
1625119205732 0.6671913658927309 1
1625119205872 1.072727270391901 2
1625119206086 1.1284982023535512 3
1625119206217 0.9841172697525229 4
1625119206379 0.8509163468047112 5
1625119206548 0.8083371584627388 6
1625119206667 0.9952615244657469 7
1625119206803 1.0020652112503883 8
1625119206952 0.949386476643829 9
1625119207110 1.0911448789043152 10
1625119207237 0.9933145256192905 11
1625119207360 1.141522723023295 12
1625119207489 1.1864832955478612 13
1625119207745 0.7305146715120023 14
1625119207970 0.7453461672420125 15
1625119208179 0.8487857595716556 16
1625119208385 0.8020477408413192 17
1625119208563 0.986919169876918 18
1625119208652 1.2405232321066968 19
1625119209735 -0.19768251313339846 20
1625119209864 1.0604104073612817 21
1625119210319 0.46328365603974087 22
1625119210483 0.9505242274180922 23
1625119210589 1.0731079887223862 24
1625119210738 0.8652790839774344 25
1625119210911 0.9268922180332418 26
1625119211210 0.4421524642690307 27
1625119211346 0.9548082310128223 28
1625119211543 0.7567724952329368 29
1625119211651 1.2361851103950743 30
1625119211789 0.9125746528654843 31
1625119212046 0.7221251519937074 32
1625119212174 1.1090882174241 33
1625119212367 0.9410096411494665 34
1625119212546 0.9710704122612952 35
1625119212680 0.9929303977774774 36
1625119212790 1.1473656863277732 37
1625119213077 0.7360775869678522 38
1625119213233 0.960287842103601 39
1625119213374 0.9885496746310652 40
1625119213511 1.0202505698359843 41
1625119213641 1.0006930857376668 42
1625119213802 0.5679411571689538 43
1625119213951 0.9188329717534605 44
1625119214060 1.0307130227797208 45
1625119214284 0.8332175385124311 46
1625119214397 1.0389320126841555 47
1625119214525 1.075666562569042 48
1625119214648 0.9299035246117296 49
1625119214840 0.759769017408183 50
1625119215134 0.6088494198115459 51
1625119215252 0.9264672586038968 52
1625119215360 1.007816717294159 53
1625119215483 0.9077516820784755 54
1625119215703 0.40569075962745876 55
1625119215877 0.5433159664910253 56
1625119215968 1.1710734625324764 57
1625119216727 0.2942238593146181 58
1625119216863 0.9035332823772909 59
1625119216977 1.0794962930989354 60
1625119217139 0.8070521871200153 61
1625119217274 0.9120714587037074 62
1625119217412 0.9065285561650684 63
1625119217550 0.9406881201132484 64
1625119217708 1.041322881014113 65
1625119217917 0.9261011840704929 66
1625119218043 1.1659194733222755 67
1625119218173 0.900861270092535 68
1625119218280 1.0066675027375993 69
1625119218448 0.8388905453102986 70
1625119219222 0.1506413262120871 71
1625119219352 1.041512483536747 72
1625119219502 0.8566305111078852 73
1625119219654 0.9986063929954285 74
1625119219789 1.0471280008658483 75
1625119219991 0.8113414435951992 76
1625119220084 1.180213468789613 77
1625119220991 0.1350070658551554 78
1625119221066 1.6294189283540255 79
1625119221179 0.9879532283101548 80
1625119221371 0.7900077361494062 81
1625119221491 0.9290432619288789 82
1625119221626 0.9299693263808999 83
1625119221799 0.8589253999735372 84
1625119221932 0.9195366441707413 85
1625119222072 0.9001154651118911 86
1625119222159 1.02565932286374 87
1625119222284 0.9144747466558787 88
1625119222424 0.6222462491233588 89
1625119222619 0.45866146718039585 90
1625119222726 1.1235690639418918 91
1625119223809 0.14161129701444716 92
1625119223916 1.1835620438938594 93
1625119224031 1.0754837731367983 94
1625119224123 1.2399167502091561 95
1625119224199 1.3327396323942093 96
1625119224307 1.131361376389937 97
1625119224442 0.8853800850922474 98
1625119225038 0.325712951707293 99
