1624848556183 -647.8722244021834 1
1624848556656 -381.8548201366767 2
1624848557249 -178.41397765285825 3
1624848558500 -540.2157343078017 4
1624848560838 -299.3144056645116 5
1624848567118 -303.0752789124412 6
1624848569790 -522.2882272621794 7
1624848570901 -402.71817460222235 8
1624848572022 -373.07918509717217 9
1624848572765 -305.17052432163007 10
1624848573691 -335.7433179988278 11
1624848574984 -372.82769660706145 12
1624848576791 -474.7035147738192 13
1624848578748 -417.8239640262349 14
1624848580212 -453.13181558581397 15
1624848580846 -315.12521147156554 16
1624848582649 -513.9894855085646 17
1624848583581 -365.5174301617904 18
1624848584121 -456.7312246861112 19
1624848584876 -307.9006630866582 20
1624848585548 -326.20962515788597 21
1624848587004 -478.35926284350785 22
1624848587577 -427.5974654389759 23
1624848588578 -460.42799097649845 24
1624848589054 -455.557849816024 25
1624848589688 -442.5084813529623 26
1624848590127 -462.78685644094065 27
1624848591077 -335.75256171574483 28
1624848591575 -453.471909083181 29
1624848592057 -441.12360696070596 30
1624848593530 -413.01722796052604 31
1624848594525 -388.311526528302 32
1624848595308 -355.6864734087002 33
1624848595971 -325.2524231361122 34
1624848599081 -660.8618461951658 35
1624848601004 -389.14817163912 36
1624848602680 -624.2118736647564 37
1624848606265 -423.2262011213524 38
1624848611442 -286.5669999232493 39
1624848611961 -486.16060633100483 40
1624848616999 -430.0538838320201 41
1624848622250 -392.63620484158827 42
1624848627620 -537.3569246601492 43
1624848632941 -563.6003078041707 44
1624848634205 -542.5180690683828 45
1624848639598 -323.9818822547459 46
1624848645532 -402.48403738437685 47
1624848650732 -417.719799205428 48
1624848656107 -283.56591729060096 49
1624848660920 -640.7143900905407 50
1624848666836 -314.9458803168524 51
1624848672757 -320.92973582455676 52
1624848673279 -562.8500541094635 53
1624848678644 -303.0616169081934 54
1624848683993 -312.4970864274241 55
1624848685001 -523.8990458418816 56
1624848686803 -555.7538304697672 57
1624848692571 -338.1756861181511 58
1624848698309 -300.6107664584967 59
1624848701477 -687.352671181894 60
1624848707493 -305.50432844093655 61
1624848713128 -274.8568241804628 62
1624848718795 -281.1412819894339 63
1624848724488 -298.1582933042129 64
1624848729952 -304.82585936170216 65
1624848735557 -280.30133943838376 66
1624848741424 -278.03443303311906 67
1624848746596 -492.5551574356455 68
1624848752033 -489.17785086964267 69
1624848752628 -509.5053653003986 70
1624848758347 -430.29828293351045 71
1624848762150 -666.197559949587 72
1624848762618 -374.5474308438247 73
1624848764711 -573.815668604002 74
1624848765218 -465.6733873144325 75
1624848766755 -517.0854644503983 76
1624848772160 -378.2187593588589 77
1624848778477 -409.86968781987633 78
1624848784502 -424.12050179701737 79
1624848790395 -398.03175755272366 80
1624848791113 -320.9539372561228 81
1624848791945 -339.8823598750646 82
1624848792415 -469.5289322709119 83
1624848798062 -405.2894368788649 84
1624848803562 -444.36662272625165 85
1624848809308 -418.7191570800695 86
1624848814817 -329.29707872353237 87
1624848820399 -542.6860620157331 88
1624848825981 -420.9721311326072 89
1624848831729 -390.77602548980394 90
1624848832185 -433.1465743687104 91
1624848838518 -380.4242299136657 92
1624848844296 -431.9898296368447 93
1624848850987 -300.5698707104839 94
1624848856784 -448.89045202014563 95
1624848862822 -434.4452315984141 96
1624848863309 -417.80881722542034 97
1624848869370 -384.6028881670439 98
1624848875210 -355.7916865270069 99
1624848881309 -649.2260861370706 100
1624848882140 -361.5638616493794 101
1624848887989 -411.25377069970875 102
1624848893736 -427.56823919667585 103
1624848899306 -293.57996073895237 104
1624848904884 -292.86003912704024 105
1624848910670 -240.866384195332 106
1624848916494 -243.36342147314645 107
1624848922679 -630.5547326434653 108
1624848928908 -354.9569544875775 109
1624848935063 -433.57899157812585 110
1624848940846 -438.4346670460881 111
1624848946518 -379.6676996038995 112
1624848952857 -426.39608783568235 113
1624848958491 -678.5498391064168 114
1624848964823 -622.9372919565624 115
1624848967863 -491.5703179535796 116
1624848973687 -411.14373601156893 117
1624848978556 -436.5722287599218 118
1624848984412 -403.92364218794296 119
1624848990205 -381.32474230767673 120
1624848996307 -354.8579543928749 121
1624849002170 -341.14163709601354 122
1624849008239 -361.6551284696689 123
1624849014295 -296.60465280577307 124
1624849020512 -239.4073314168049 125
1624849026451 -239.4459648877473 126
1624849032738 -298.7484065581371 127
1624849038774 -275.69605417016237 128
1624849044757 -205.08777157553953 129
1624849050982 -276.68778803532086 130
1624849057096 -214.20986965076375 131
1624849063285 -299.0463703002086 132
1624849063762 -362.15718201614254 133
1624849064352 -372.96325134229187 134
1624849064954 -298.90475621937645 135
1624849070704 -426.2317612832255 136
1624849071269 -307.60699832824236 137
1624849073487 -382.0384898021098 138
1624849074564 -334.3241095436556 139
1624849075160 -311.4960914918565 140
1624849081249 -225.42629343256544 141
1624849087127 -185.7829359623841 142
1624849093285 -419.50750064121564 143
1624849095332 -721.8628104460172 144
1624849096272 -413.85482410708386 145
1624849098121 -545.5722554875504 146
1624849099580 -528.4295044311423 147
1624849103034 -1005.5244433407793 148
1624849109263 -365.10224415719165 149
1624849109751 -431.3414934602305 150
1624849116045 -280.425113183562 151
1624849120124 -809.2328525212235 152
1624849122881 -549.081859207271 153
1624849125026 -770.3813221074598 154
1624849131384 -558.8713800530642 155
1624849137476 -690.9004244080156 156
1624849143505 -435.85902612258553 157
1624849149765 -367.3371189467249 158
1624849156069 -326.95047070831725 159
1624849162779 -279.84999153267853 160
1624849169560 -284.8902594661773 161
1624849175678 -246.5750867108268 162
1624849181787 -298.760322833513 163
1624849188291 -204.06957826813576 164
1624849194375 -267.87314436310555 165
1624849196048 -279.5599724933661 166
1624849201883 -186.93642672175437 167
1624849207577 -193.4418768054729 168
1624849213388 -241.82234289285051 169
1624849219684 -156.87463450666283 170
1624849225676 -188.33644919692702 171
1624849231735 -180.02303712272914 172
1624849232850 -302.3426328003004 173
1624849238452 -161.5554124099826 174
1624849244193 -155.95325251407712 175
1624849250153 -163.9312943946671 176
1624849252420 -303.53576263372815 177
1624849258700 -154.26618041075216 178
1624849264101 -376.05451197940727 179
1624849270255 -179.57730415313824 180
1624849276457 -149.71014289559432 181
1624849278656 -262.23125875949734 182
1624849283631 -342.28072274808903 183
1624849285114 -352.90363516662217 184
1624849291043 -214.22020427745815 185
1624849291728 -356.26492812783215 186
1624849292476 -364.9547635997959 187
1624849298299 -340.3447930813515 188
1624849304421 -223.04478363438665 189
1624849310940 -238.35772285435556 190
1624849312165 -486.914431382197 191
1624849312980 -364.596865325657 192
1624849318620 -307.61580913870534 193
1624849325008 -267.6368125321291 194
1624849325906 -331.6236935746878 195
1624849328090 -388.851331876517 196
1624849334353 -215.36352537316233 197
1624849335192 -326.12338333096284 198
1624849341484 -208.85630903651148 199
1624849347963 -214.43223101457104 200
1624849354178 -285.4538076268027 201
1624849360726 -352.5194290639838 202
1624849367624 -264.17003638867226 203
1624849373821 -183.2431921940648 204
1624849380435 -208.75367468468656 205
1624849386719 -157.5293517704796 206
1624849392861 -176.01487266444386 207
1624849393926 -307.2280234577955 208
1624849399887 -131.99354720241246 209
1624849401346 -322.6663221437605 210
1624849404061 -340.71095425279714 211
1624849405852 -392.12380481733 212
1624849411692 -212.9271769560065 213
1624849415807 -414.1582225645175 214
1624849417816 -354.2687902548481 215
1624849424201 -226.19552673996088 216
1624849427296 -404.7739229787038 217
1624849430985 -420.60147223504646 218
1624849433029 -345.09101874139355 219
1624849436558 -396.6484122382505 220
1624849439220 -359.8085668559928 221
1624849443623 -407.75326037406035 222
1624849448283 -409.25092218966165 223
1624849449786 -327.2700226036362 224
1624849455623 -215.76933805830072 225
1624849461403 -170.8760327189876 226
1624849468048 -192.98795937474554 227
1624849474501 -229.3580144241439 228
1624849475410 -321.2370351240197 229
1624849479901 -727.197077656896 230
1624849480744 -493.53237068094546 231
1624849482181 -518.2334903599888 232
1624849482943 -440.26657510810674 233
1624849483864 -426.0300645344555 234
1624849486082 -349.3037286584754 235
1624849491391 -543.619216946895 236
1624849493803 -354.40253058965254 237
1624849499691 -315.2458125972949 238
1624849505557 -522.6993265919594 239
1624849508904 -424.6906134778076 240
1624849513057 -432.272515759472 241
1624849517762 -435.0327194510785 242
1624849524210 -282.05731845471047 243
1624849527694 -412.1580435307583 244
1624849531700 -416.80094464666394 245
1624849535047 -392.9231154224715 246
1624849538363 -363.46049319280866 247
1624849544887 -192.99012695934223 248
1624849547126 -382.504689222455 249
1624849553067 -173.38087546450396 250
1624849559406 -170.96856691436597 251
1624849560005 -271.9188852170399 252
1624849565822 -267.95412924867816 253
1624849571616 -148.82052626968144 254
1624849577439 -206.44257907790086 255
1624849583411 -249.71866360518388 256
1624849589206 -226.6004525212154 257
1624849594835 -228.01529133539464 258
1624849600696 -222.5637160850275 259
1624849606848 -167.86604551204266 260
1624849613360 -179.43898170748355 261
1624849614396 -411.94056550243045 262
1624849620467 -254.9380320356408 263
1624849621343 -473.45080078429396 264
1624849622212 -553.9563440302074 265
1624849622834 -471.6382971736636 266
1624849623438 -404.37818952125417 267
1624849624041 -415.865607573946 268
1624849624858 -481.5851570096873 269
1624849625650 -492.6114080038622 270
1624849626696 -509.8250820909822 271
1624849627657 -499.45812906382145 272
1624849634493 -159.2777415404305 273
1624849640173 -229.33688493684414 274
1624849647064 -270.7761712165005 275
1624849653564 -262.85922272276554 276
1624849659628 -252.75043457404155 277
1624849660553 -489.2913392562612 278
1624849661366 -505.27822937897366 279
1624849667417 -203.0121118628105 280
1624849673851 -199.64967956486765 281
1624849679788 -179.5289171782444 282
1624849681239 -438.2433820999174 283
1624849686978 -183.26338736606561 284
1624849693338 -204.85540084972178 285
1624849699269 -192.62214494973293 286
1624849700893 -292.52883461625925 287
1624849706558 -381.612066033662 288
1624849712535 -237.65600122839078 289
1624849713721 -249.88758403332432 290
1624849717052 -307.834554675062 291
1624849723181 -182.25139037905643 292
1624849723781 -286.48139391799873 293
1624849729777 -203.136223498991 294
1624849733026 -326.04548173143183 295
1624849738477 -366.0391226202212 296
1624849744369 -145.06410102242074 297
1624849750620 -168.15620946420378 298
1624849753210 -343.6752017417564 299
1624849759051 -121.282124048007 300
1624849763107 -415.07249356947665 301
1624849769264 -337.8893591715277 302
1624849770051 -267.60032651406345 303
1624849776673 -181.93175320369974 304
1624849783201 -188.8173936628205 305
1624849789149 -229.46858722818266 306
1624849795322 -231.08308913006766 307
1624849801402 -232.23254009305037 308
1624849807401 -227.90478914468375 309
1624849813571 -252.9302360213796 310
1624849820166 -237.66132234210258 311
1624849825820 -219.9282324532663 312
1624849831898 -182.32401282683273 313
1624849838358 -170.5740452084895 314
1624849845350 -201.45730833348094 315
1624849851227 -204.1952374048785 316
1624849857750 -201.0914179598221 317
1624849864485 -207.75842732283706 318
1624849871147 -213.2433353828944 319
1624849877061 -172.6870165758522 320
1624849883231 -163.22575086267972 321
1624849889076 -171.43516869541568 322
1624849895380 -208.60428859048403 323
1624849901653 -198.51691819653027 324
1624849908152 -177.36300551125402 325
1624849913757 -224.07564800051205 326
1624849919481 -243.38324532606023 327
1624849925283 -473.8738792799541 328
1624849929081 -517.9669155373199 329
1624849930089 -651.5444835590545 330
1624849932015 -595.9340386784804 331
1624849933225 -533.1110757737601 332
1624849937266 -372.56222008241167 333
1624849943467 -247.59809360823797 334
1624849949419 -195.92950394178723 335
1624849953796 -675.3489451096169 336
1624849954548 -425.31518647036415 337
1624849955184 -398.8948279416798 338
1624849955792 -419.1039482090041 339
1624849956787 -449.1766298459802 340
1624849959345 -645.858664286124 341
1624849960719 -411.9505783599542 342
1624849961318 -512.0444402285078 343
1624849962033 -495.38444546545156 344
1624849962713 -540.9996550487282 345
1624849963666 -594.1151477963888 346
1624849964622 -660.5776362331627 347
1624849965283 -462.8959166854314 348
1624849965860 -462.2112919401599 349
1624849966698 -443.7450137680296 350
1624849967429 -418.06011599659723 351
1624849968093 -449.75641776007967 352
1624849970185 -823.1672931746886 353
1624849971103 -475.27384924363776 354
1624849972141 -469.99066579082626 355
1624849972890 -524.165072042621 356
1624849973703 -695.9168154774273 357
1624849975344 -722.0632494554114 358
1624849975855 -431.68988326802616 359
1624849976524 -416.15236591059727 360
1624849977870 -642.4852076421469 361
1624849979285 -603.4153505420422 362
1624849980292 -533.5082411725803 363
1624849982404 -557.5993682940039 364
1624849987070 -1033.761788458412 365
1624849988211 -293.6226019827696 366
1624849989670 -306.6444150698692 367
1624849991134 -287.94191905147403 368
1624849991624 -363.9561731390147 369
1624849993236 -287.37955785310703 370
1624849995711 -341.6234835576791 371
1624849996429 -453.6175645049716 372
1624849997271 -452.2739562821092 373
1624849998120 -453.35454368207525 374
1624849999159 -483.53432686679184 375
1624850001377 -560.3893200761687 376
1624850007636 -145.1623377800402 377
1624850010272 -522.7994946957217 378
1624850011857 -335.1278984768083 379
1624850017901 -403.5396188166005 380
1624850018561 -390.7586881979123 381
1624850020831 -388.4699388303965 382
1624850026602 -567.7588628512361 383
1624850032672 -338.1762521686558 384
1624850033672 -544.6245839425724 385
1624850036269 -554.3022149816561 386
1624850038547 -522.8906584800054 387
1624850044124 -410.4888416888711 388
1624850045324 -504.3317304178838 389
1624850046328 -399.5390165608368 390
1624850047434 -358.50472167562134 391
1624850048147 -597.4477140784138 392
1624850048761 -494.1183797805117 393
1624850049272 -484.72528184695966 394
1624850050303 -424.38873573876344 395
1624850050818 -435.0656696639611 396
1624850052009 -663.2585750355437 397
1624850052516 -465.9094071757892 398
1624850052970 -553.2414010202424 399
1624850053571 -748.1945464664026 400
1624850054200 -479.9453458001011 401
1624850056047 -486.9769704542774 402
1624850056839 -501.6901956744532 403
1624850057346 -546.3869512154901 404
1624850059503 -576.1835112111632 405
1624850061878 -560.1115677695393 406
1624850062825 -511.9758491339742 407
1624850063446 -474.9872701888461 408
1624850066359 -562.2669461286719 409
1624850066911 -379.253050339153 410
1624850068511 -491.43480556478164 411
1624850069355 -496.2789492767404 412
1624850070061 -423.5600572725184 413
1624850070916 -503.9098685045977 414
1624850072100 -449.61940740592433 415
1624850073499 -398.7748175516832 416
1624850075807 -537.8460674827159 417
1624850076717 -443.7106875759037 418
1624850077507 -470.9718097373842 419
1624850082808 -579.2112539518942 420
1624850089657 -278.25901111578605 421
1624850095325 -469.5989551783131 422
1624850101305 -31.58903912062986 423
1624850106640 -401.8880840996836 424
1624850110559 -352.1350743868834 425
1624850111991 -488.98442044429174 426
1624850114864 -372.93589226521044 427
1624850115938 -518.5175631970226 428
1624850117225 -537.5664402907581 429
1624850118367 -252.84973707396458 430
1624850120494 -316.390940793362 431
1624850121925 -272.49587877162986 432
1624850122962 -505.2640660516858 433
1624850127353 -395.6211377645093 434
1624850130255 -776.7680251941889 435
1624850130956 -439.2515980005392 436
1624850132048 -546.3748185882014 437
1624850133351 -585.2953225608303 438
1624850134611 -511.3068900743975 439
1624850136541 -667.7979727425588 440
1624850139089 -283.59193356091345 441
1624850141246 -409.4955854602135 442
1624850145335 -354.04684566904507 443
1624850147594 -296.63130882548796 444
1624850153643 -137.54850534270818 445
1624850158194 -526.5568585260428 446
1624850163111 -824.4535384113914 447
1624850168658 -234.2191225599126 448
1624850173897 -550.8576108331055 449
1624850180252 -153.05643712203604 450
1624850186364 -149.694057896802 451
1624850188193 -264.8260531009897 452
1624850189159 -359.9893573145501 453
1624850190007 -201.33480553677424 454
1624850191177 -379.5827769938736 455
1624850196798 -481.5419505834581 456
1624850197764 -343.14074908648223 457
1624850199018 -371.500820911485 458
1624850200152 -415.73225913411784 459
1624850200894 -354.84510829028926 460
1624850202201 -327.62141881796987 461
1624850205874 -308.9743380426433 462
1624850208981 -306.54113379841294 463
1624850211753 -337.06467419044486 464
1624850213691 -392.4282249677787 465
1624850216381 -397.8295116727047 466
1624850218266 -340.30477016355854 467
1624850218756 -342.43829201556537 468
1624850219405 -288.28334088428744 469
1624850220010 -290.76674319731103 470
1624850221579 -305.291094529628 471
1624850222331 -211.94777944865842 472
1624850223484 -241.32701841911157 473
1624850224706 -233.79642338478146 474
1624850225448 -372.3844014191908 475
1624850226059 -310.9415234136179 476
1624850226882 -294.02253456696724 477
1624850232805 -51.383577712646655 478
1624850234428 -214.5441940332046 479
1624850236549 -480.9187688397098 480
1624850241518 -572.8807269307835 481
1624850244031 -422.871795398318 482
1624850245807 -400.11672874817765 483
1624850247397 -344.15774040410946 484
1624850248039 -403.1213541185207 485
1624850248692 -457.0989192084646 486
1624850249392 -446.2670039431518 487
1624850250207 -401.6390960395157 488
1624850251225 -341.84925923839455 489
1624850257547 -122.73505106892512 490
1624850258615 -222.51667732311859 491
1624850259771 -235.62568214899125 492
1624850260924 -244.60104695924622 493
1624850261827 -301.8562030248495 494
1624850262693 -326.06912711818205 495
1624850263827 -360.4791995478207 496
1624850264829 -354.12670608508074 497
1624850265359 -307.5606307120322 498
1624850266161 -379.84884080461404 499
1624850266743 -333.50238585418975 500
