1625118897288 1.489228059945875 0
1625118897482 0.7810151256431679 1
1625118897622 0.9944592768232375 2
1625118897758 0.9704812549144948 3
1625118897900 0.8307133548728667 4
1625118898072 0.9656474287803841 5
1625118898230 0.8727426489312898 6
1625118898379 0.8950031900925908 7
1625118898504 1.047075452123222 8
1625118898648 0.8556452995357634 9
1625118898890 0.6514830987656457 10
1625118899031 0.8773747440183907 11
1625118899190 0.8272002593287695 12
1625118899299 1.0585062486126364 13
1625118899399 1.131905015253765 14
1625118899492 1.2285886781715727 15
1625118899655 0.7814773248913433 16
1625118899761 1.141517504901409 17
1625118899948 0.7481512518835387 18
1625118900067 1.002365051234084 19
1625118900224 0.726669280626124 20
1625118900346 1.1397950563169275 21
1625118900464 1.0091953002786411 22
1625118900574 1.1830388199678266 23
1625118900684 1.1486243437707255 24
1625118900785 1.0961375578495705 25
1625118900870 1.1204972969488902 26
1625118900986 0.8364554205265576 27
1625118901470 0.2638031492362471 28
1625118901579 1.0661855525124269 29
1625118901719 0.7811170317562056 30
1625118901840 0.8966032415415228 31
1625118902825 0.14043107663948026 32
1625118902950 0.8739597734631399 33
1625118903056 1.0430566616812822 34
1625118903203 0.8714211741107943 35
1625118903398 0.7551600459908278 36
1625118903521 0.9521644852944745 37
1625118903634 0.9146699368416953 38
1625118903955 0.5403642022002761 39
1625118904094 0.8391677696280876 40
1625118904220 0.9379631204185431 41
1625118904352 0.9270872548335637 42
1625118904452 0.9051370970000915 43
1625118904597 0.9733174024042823 44
1625118904703 0.9372333728441555 45
1625118904824 1.046236986235808 46
1625118904961 0.9638059146226965 47
1625118905091 0.9569451833270816 48
1625118905204 1.016186706844796 49
1625118905377 0.9539126825855212 50
1625118905466 1.2262182757104503 51
1625118905560 1.0542470597972804 52
1625118905833 0.2761966894922638 53
1625118906008 0.69006021395762 54
1625118907109 0.211239855861443 55
1625118907257 0.838287183208255 56
1625118907486 0.6549567455359908 57
1625118907630 0.9575730875299046 58
1625118907752 1.038514652586141 59
1625118907885 0.884964014524467 60
1625118908163 0.7525332855571963 61
1625118908301 0.9419436094103641 62
1625118908468 0.8335732040206376 63
1625118908967 -0.48602982138823 64
1625118909237 0.6398198600016608 65
1625118909359 1.0925182300925893 66
1625118909488 0.9679846301614949 67
1625118909605 0.9365701429125426 68
1625118910473 -0.16306129911485764 69
1625118910663 0.9864779893081965 70
1625118910778 1.0148648795715658 71
1625118910878 0.999360345364859 72
1625118911008 1.0142558107128452 73
1625118911179 0.8059062595919944 74
1625118911287 0.9925092681142081 75
1625118911434 0.9357703573308511 76
1625118911588 0.8343604113527361 77
1625118911708 1.0684834051982388 78
1625118911822 1.0379967105567072 79
1625118911953 1.058682653413249 80
1625118912053 1.0504735518384092 81
1625118912174 0.9716890870818519 82
1625118912326 0.8295326293798247 83
1625118912465 1.0273163390228945 84
1625118912597 0.9145413452724781 85
1625118912706 1.0359043717635263 86
1625118912776 1.575579934286588 87
1625118913009 0.6973201470554752 88
1625118913284 0.46546723606258894 89
1625118913385 1.2581689033830268 90
1625118913498 0.9060124919614888 91
1625118913647 0.8435299602023093 92
1625118913726 1.3697519511319323 93
1625118913900 0.8551988184120621 94
1625118914018 0.9637872615175205 95
1625118914164 0.6346470316473055 96
1625118914324 0.7300954773680152 97
1625118914443 1.1608699800568767 98
1625118914551 1.0653800753202878 99
